70118900
71955900
73526600
57173700
59429200
71297100
104399100
72083200
61171900
69458600
67607500
111334700
63604000
69976400
70998100
69902400
75442400
43874200
185901100
171266600
195250500
211133400
116791900
110329500
150256400
100238500
78598800
120033800
51788300
82748200
163682800
96406400
73081600
58996600
56758100
58164000
52664500
33835700
84095300
77257300
76454900
58943400
34306900
60716500
49873300
63948700
72513700
82191900
55378600
27922800
72312700
28647500
30763300
34790700
44101600
50194600
28447600
38987600
41821600
38675500
78991200
76247200
55186000
43638700
44761900
31077400
58181600
48094700
39003300
31656000
54103400
43717100
38579500
29829800
41415200
32460099
29221800
28275400
41049300
32924100
45487500
84235500
54541700
51659100
47674300
43043700
46378300
43888000
32703000
56327800
40892000
30036300
37881500
29797800
31235300
27436800
38150700
30824600
27006900
31826100
