182042900
127473300
133183400
131949000
173169400
145955300
155878000
134166800
146616200
120230200
141796800
121596800
156763000
166982800
164076700
129766400
118005600
138061400
212262500
149720300
116966100
139203200
242039000
97563100
119491300
102587500
119624800
102227400
114595100
106574000
112418100
103228700
114269700
99479100
124725600
96058100
123394900
101488700
105781700
99933200
103662900
94088300
105958400
98752500
122151200
96937800
102869700
103997500
119746000
108237800
106297700
97899100
105161800
104411600
153121300
108120600
104692500
105837100
98070400
124640200
136521300
230735100
204185100
202577900
170964500
126756300
151779400
126174900
107829000
110249900
107454200
97442800
116817400
130897799
102445000
102135500
102359100
105403700
112077000
105606900
115375300
92734900
122492100
120413700
106994300
103888500
105631400
106076500
110165300
116701500
113241800
107151200
99872900
123436600
112095500
116524800
104211200
110162900
103722200
108170900
